FILE LOADED: RandomHouses.csv SIZE: 35036
TRAIN: 4800 TEST: 240

MSE:3.7982164552536797, LR:0.3, M:0.2, EP:100, VS:0
MSE:3.554366856024082, LR:0.3, M:0.2, EP:400, VS:0
MSE:3.587409860578014, LR:0.3, M:0.2, EP:900, VS:0
MSE:3.8456656765839052, LR:0.3, M:0.2, EP:1600, VS:0
MSE:4.0671717120528115, LR:0.3, M:0.2, EP:2500, VS:0
